$ANSIBLE_VAULT;1.1;AES256
66626435633437373362616631333631323232616335306266326636393764656266633135393230
3736306162636538613637323838333666643534373661360a303133656330313565363364356636
64363935303633326436666231633366323837396337343738643432386538643464646662376664
3162306533653461320a353962666131323063653965663331623430383562353134633463613735
64363135363232306266393862653161613733313338356663316339623435356532643132376362
31656433316638633463393438393639383531653161323834626137313263386234646237366265
66373231383837316531636638346537366432393062623833396337373338373066356138633234
32356361323061633961306665316361383635316136353732613537613562343262656666666435
35656463613234653232643135306636613864663865623339333630633538326564363735303636
31323764356561343864343338633764373239663938323063626434613865366233633036613534
31393635376636633436626434356434616137363931303861653538353332363632663465346631
34633566643631333739616164653766373737613038383236653336613932306365623934393335
37643365346438623262656334373338326639343837343938376265333363356638333266613765
62393233623431366362343664393139353333353433326264653732636334376232316164636539
35613961646533663839323133333039356237653964393436383633323263336461643430386432
65376161653239633836313439306335386334353335363638333533353731306339396338626439
34383732633762366266646231636335393361366630353930333163643863326538636561636138
63376539633032643366316334643937303065343866643234663563633733643231663734346364
38386338616537353733323137653639653232386466313232326432666166653838386331346261
35343161623236356536306630303066656137313634623037663935613961393937313661363731
66656463313532366131323466633834633537653933366561616364346639353761663865663530
62343130613866326338326461383561363737373639396130303730333731643231373764323935
65616437623161323530343838313639666161363565333636353939383134643265346639373465
32666632323131613164
