$ANSIBLE_VAULT;1.1;AES256
66306163623037653361356436383130316634623865623361323562383963373835656663383564
6238373434333933633761343433303438386162333730650a316634636235666237333232623366
62383466343535336333393433306362643262353632353163346433653165326364333931306462
6233623631646330610a353535613939376631383563616439313038366635616461393532616532
32376665326432353465653538613934326334626635343962323438663039383264646162306236
36353632326137323636663166663962613764353066373931346630623334353834616465313434
61633832373036663533313366656638316266353137653932643436326138653032393866396134
63656634633635646333616162316530303935306161393863353063623638636266303534373932
33643639656166613466623332366437323831613864313132373734326330366231656632343933
34336235643364303365326661373530393136636437396637636661363334303663653563663230
64646133363836333736356161393536613336333439336535613163306438333630616361616237
65303136326438653038646136646234323862376333306366643365363466323761653035356566
66643662396132316566303430643237303931386561306566623036343463373232613234386362
31343036346634323566303966643734366662396234316363393166376336323362386533616565
37323132333164323530623834343036633030633765613636366237346561353839363264383034
33366439346432383035356539623261396132383962306463353338333733383433353134396531
38316335646439343336646366666230656165343131363663613535633563303831646532663130
64303133633663383934613266353735383333346236346331396530313133303339333362343938
66623133336437636666303966386636666231626437323631623836633433386661666665626336
63353833616539613633646662663561663939376137366532343638653936656237393165656565
37336533333532373736626664633361366565613762663630393038633639306634653964353764
66346234333338326335386137383264393533313933353930663566386633653466663763353531
33656535323564353363613139363833333363633332336532383335346533653564353332363631
32643238313561656435
