$ANSIBLE_VAULT;1.1;AES256
62356530643965643665653061356638366132653535303061326432346338343134363030336461
6362663866613232366364376532343334636266386464630a313862396535333233313263653231
37383036333835653637633835663435646633316335303632363961336662373734353131643766
6530663465393762620a353432616634363263323033393535653433633936323839636330393936
65316163636463383665303565343337363666376362383361393237343462356665346465653962
37623164313864653362343435653564333234376432306132613162316330303234383765363937
35373266303033636262383261663130616264636330616162643032346435653461353939626439
63623765616262336330326266363263316139383539376161323032313661666633663535356264
66613530373836316464346438616538383165353137653464373035303932613561303731613936
65356338393131653938336564343539643364356566333131383437663430623164386630393435
34393965353330316638326664333130303237636466666134346534353539636362613061643030
35353530313131316231366561613462316662383531643666313734653765633165346163386266
34373061643763616131613636643062353761393838326235333064663630386561313232633166
66343839636639623934666166333864316530623936363862353736613866623833316232366233
31356364303664666230393163616234343364326466656330376632396532636164373266326462
31303133656532663765313566376562663334646364666262326632326230643563663333633939
65366231623831343830393333363035613334633865623035646236316631643436396137376332
62313263663962363238393731663435326239393732326362383262666339616534336633393963
30336230363236623330353439313730353261343861626637623163656631303465373335363730
64633636666239666566653334316561373262373738353635313764663062323834333630376264
36363431643134383163396131306462663864663265623661383965396565386265653730643834
63303731356365373330653934656531353037346236306639623831343563383064363762336437
66316263376635353166633239653566386333363436323964323333326135646365346366323962
36646462636434303030
